#i  j  dE  
  -2   -2   11.27199    6.16059    8.08280 -112.38376 0.5696338188082548
  -2   -1   11.27199    6.22346    8.08280 -112.38698 0.563367146901053
  -2    0   11.27199    6.28632    8.08280 -112.36558 0.5611074113950909
  -2    1   11.27199    6.34918    8.08280 -112.32077 0.562546713905762
  -2    2   11.27199    6.41205    8.08280 -112.25037 0.5679132199998959
  -1   -2   11.38701    6.16059    8.08280 -112.37613 0.5708613188749168
  -1   -1   11.38701    6.22346    8.08280 -112.36337 0.5671271123540664
  -1    0   11.38701    6.28632    8.08280 -112.32574 0.5673886080664855
  -1    1   11.38701    6.34918    8.08280 -112.26303 0.5715599026957316
  -1    2   11.38701    6.41205    8.08280 -112.17362 0.5797764042203458
   0   -2   11.50203    6.16059    8.08280 -112.33666 0.5772111783285478
   0   -1   11.50203    6.22346    8.08280 -112.3085 0.5758653293979867
   0    0   11.50203    6.28632    8.08280 -112.25474 0.5785825077569731
   0    1   11.50203    6.34918    8.08280 -112.17344 0.5855448625795808
   0    2   11.50203    6.41205    8.08280 -112.07095 0.5956460214700341
